37.450767 126.657016 100.0
37.450812 126.657016 100.5
37.450857 126.657016 101.0
37.450902 126.657016 101.5
37.450947 126.657016 102.0
37.450992 126.657016 102.5
37.451037 126.657016 103.0
37.451082 126.657016 103.5
37.451127 126.657016 104.0
37.451172 126.657016 104.5
37.451217 126.657016 105.0
37.451262 126.657016 105.5
37.451307 126.657016 106.0
37.451352 126.657016 106.5
37.451397 126.657016 107.0
37.451442 126.657016 107.5
37.451487 126.657016 108.0
37.451532 126.657016 108.5
37.451577 126.657016 109.0
37.451622 126.657016 109.5
37.451667 126.657016 110.0
37.451667 126.657054 110.2
37.451667 126.657099 110.4
37.451667 126.657151 110.6
37.451667 126.657210 110.8
37.451667 126.657276 111.0
37.451667 126.657349 111.2
37.451667 126.657429 111.4
37.451667 126.657466 111.6
37.451667 126.657503 111.8
37.451667 126.657520 112.0
37.451667 126.657537 112.2
37.451667 126.657554 112.4
37.451667 126.657568 112.6
37.451667 126.657582 112.8
37.451667 126.657638 113.0
37.451667 126.657694 113.2
37.451667 126.657750 113.4
37.451667 126.657806 113.6
37.451667 126.657862 113.8
37.451667 126.657918 114.0
37.451667 126.657974 114.2
37.451667 126.658030 114.4
37.451667 126.658092 114.6
37.451667 126.658148 114.8
37.451654 126.658148 114.6
37.451634 126.658148 114.4
37.451607 126.658148 114.2
37.451573 126.658148 114.0
37.451532 126.658148 113.8
37.451484 126.658148 113.6
37.451429 126.658148 113.4
37.451367 126.658148 113.2
37.451323 126.658148 113.0
37.451284 126.658148 112.8
37.451250 126.658148 112.6
37.451221 126.658148 112.4
37.451217 126.658148 112.2
37.451172 126.658148 112.0
37.451127 126.658148 111.8
37.451082 126.658148 111.6
37.451037 126.658148 111.4
37.450992 126.658148 111.2
37.450947 126.658148 111.0
37.450902 126.658148 110.8
37.450857 126.658148 110.6
37.450812 126.658148 110.4
37.450767 126.658148 110.2
